      Z logage     M_ini           M_act      logL logTe   logG    mbol    U       B       V       R       I       J       H       K       int_IMF stage
	0.015200	10.0000	0.09000000	0.0900	-3.4229	3.3625	5.2171	13.327	25.877	22.189	20.133	17.248	14.546	11.132	10.542	10.239	1.46765435	1
	0.015200	10.0000	0.10000000	0.1000	-3.2404	3.3884	5.1839	12.871	23.844	20.674	18.729	16.195	13.721	10.741	10.146	9.836	1.57040203	1
	0.015200	10.0000	0.12000000	0.1200	-2.9755	3.4232	5.1376	12.209	21.073	18.592	16.789	14.723	12.556	10.165	9.565	9.247	1.74782515	1
	0.015200	10.0000	0.14000000	0.1400	-2.7918	3.4435	5.1018	11.749	19.524	17.374	15.660	13.835	11.835	9.754	9.150	8.834	1.89584959	1
	0.015200	10.0000	0.16000000	0.1600	-2.6501	3.4571	5.0726	11.395	18.510	16.554	14.888	13.212	11.331	9.433	8.827	8.516	2.02115250	1
	0.015200	10.0000	0.20000000	0.2000	-2.4305	3.4758	5.0249	10.846	17.160	15.427	13.821	12.328	10.612	8.930	8.320	8.020	2.22178221	1
	0.015200	10.0000	0.25000000	0.2500	-2.2171	3.4921	4.9735	10.313	16.031	14.454	12.885	11.525	9.961	8.437	7.825	7.538	2.40809011	1
	0.015200	10.0000	0.30000001	0.3000	-2.0509	3.5027	4.9287	9.897	15.288	13.794	12.258	10.970	9.487	8.046	7.430	7.153	2.54750419	1
	0.015200	10.0000	0.34999999	0.3500	-1.9049	3.5114	4.8846	9.532	14.680	13.243	11.736	10.501	9.080	7.701	7.081	6.812	2.65552020	1
	0.015200	10.0000	0.40000001	0.4000	-1.7604	3.5225	4.8426	9.171	14.058	12.672	11.192	10.015	8.673	7.367	6.739	6.482	2.74133730	1
	0.015200	10.0000	0.44999999	0.4500	-1.6100	3.5350	4.7931	8.795	13.442	12.089	10.639	9.517	8.256	7.021	6.383	6.139	2.81098008	1
	0.015200	10.0000	0.50000000	0.5000	-1.4510	3.5504	4.7415	8.398	12.804	11.466	10.044	8.980	7.815	6.663	6.012	5.783	2.86847806	1
	0.015200	10.0000	0.55000001	0.5500	-1.2727	3.5707	4.6858	7.952	12.106	10.755	9.353	8.350	7.326	6.273	5.606	5.399	2.91663504	1
	0.015200	10.0000	0.60000002	0.5999	-1.0980	3.5958	4.6495	7.515	11.403	10.021	8.658	7.716	6.854	5.902	5.214	5.045	2.95739889	1
	0.015200	10.0000	0.64999998	0.6499	-0.9185	3.6267	4.6283	7.066	10.619	9.206	7.938	7.070	6.379	5.524	4.841	4.719	2.99236870	1
	0.015200	10.0000	0.69999999	0.6999	-0.7433	3.6579	4.6101	6.628	9.583	8.346	7.222	6.462	5.922	5.171	4.546	4.459	3.02253795	1
	0.015200	10.0000	0.70477819	0.7047	-0.7267	3.6609	4.6081	6.587	9.472	8.265	7.155	6.408	5.879	5.138	4.522	4.437	3.02520370	1
	0.015200	10.0000	0.72832835	0.7282	-0.6453	3.6750	4.5974	6.383	8.938	7.884	6.843	6.155	5.668	4.977	4.408	4.330	3.03784609	1
	0.015200	10.0000	0.74995238	0.7498	-0.5715	3.6875	4.5863	6.199	8.480	7.557	6.574	5.936	5.479	4.832	4.302	4.230	3.04877591	1
	0.015200	10.0000	0.75000000	0.7498	-0.5713	3.6875	4.5862	6.198	8.479	7.556	6.573	5.935	5.479	4.832	4.302	4.230	3.04879928	1
	0.015200	10.0000	0.75764614	0.7575	-0.5460	3.6912	4.5800	6.135	8.339	7.454	6.487	5.864	5.415	4.780	4.262	4.191	3.05251861	1
	0.015200	10.0000	0.77665067	0.7765	-0.4831	3.7002	4.5638	5.978	7.990	7.204	6.277	5.688	5.259	4.654	4.163	4.096	3.06145549	1
	0.015200	10.0000	0.79457712	0.7944	-0.4238	3.7084	4.5477	5.830	7.681	6.980	6.086	5.526	5.113	4.536	4.069	4.006	3.06950545	1
	0.015200	10.0000	0.80000001	0.7998	-0.4058	3.7109	4.5425	5.785	7.589	6.912	6.029	5.477	5.069	4.500	4.040	3.978	3.07187057	1
	0.015200	10.0000	0.81198508	0.8117	-0.3659	3.7161	4.5299	5.685	7.391	6.767	5.905	5.371	4.972	4.419	3.973	3.914	3.07698321	1
	0.015200	10.0000	0.82877207	0.8285	-0.3096	3.7233	4.5109	5.544	7.121	6.569	5.735	5.223	4.835	4.305	3.879	3.822	3.08388948	1
	0.015200	10.0000	0.84482533	0.8445	-0.2555	3.7298	4.4913	5.409	6.872	6.384	5.575	5.081	4.704	4.194	3.786	3.731	3.09023094	1
	0.015200	10.0000	0.85000002	0.8497	-0.2380	3.7319	4.4847	5.365	6.794	6.324	5.524	5.036	4.662	4.159	3.756	3.701	3.09222293	1
	0.015200	10.0000	0.86485863	0.8645	-0.1867	3.7374	4.4630	5.237	6.572	6.153	5.376	4.905	4.540	4.054	3.664	3.613	3.09780669	1
	0.015200	10.0000	0.88061649	0.8802	-0.1316	3.7429	4.4379	5.099	6.344	5.974	5.221	4.764	4.409	3.940	3.564	3.514	3.10351729	1
	0.015200	10.0000	0.89486545	0.8944	-0.0808	3.7477	4.4131	4.972	6.144	5.815	5.080	4.636	4.289	3.833	3.468	3.421	3.10850382	1
	0.015200	10.0000	0.89999998	0.8995	-0.0621	3.7493	4.4033	4.925	6.072	5.757	5.029	4.589	4.244	3.793	3.432	3.385	3.11026096	1
	0.015200	10.0000	0.91147792	0.9110	-0.0198	3.7526	4.3797	4.819	5.920	5.630	4.915	4.483	4.143	3.701	3.348	3.302	3.11411595	1
	0.015200	10.0000	0.92567617	0.9251	0.0333	3.7562	4.3479	4.687	5.737	5.474	4.773	4.351	4.016	3.584	3.240	3.195	3.11874890	1
	0.015200	10.0000	0.93985391	0.9392	0.0854	3.7590	4.3135	4.556	5.567	5.325	4.636	4.221	3.890	3.466	3.128	3.084	3.12323213	1
	0.015200	10.0000	0.94999999	0.9493	0.1249	3.7608	4.2855	4.458	5.445	5.215	4.533	4.122	3.794	3.375	3.041	2.998	3.12635612	1
	0.015200	10.0000	0.95357740	0.9529	0.1393	3.7613	4.2750	4.422	5.401	5.175	4.496	4.087	3.760	3.341	3.009	2.966	3.12744141	1
	0.015200	10.0000	0.95854914	0.9578	0.1599	3.7620	4.2594	4.370	5.340	5.119	4.443	4.035	3.710	3.293	2.962	2.920	3.12893605	1
	0.015200	10.0000	0.96351063	0.9628	0.1811	3.7625	4.2423	4.317	5.280	5.062	4.389	3.983	3.658	3.243	2.913	2.871	3.13041162	1
	0.015200	10.0000	0.97214854	0.9713	0.2190	3.7629	4.2101	4.223	5.178	4.964	4.293	3.889	3.564	3.150	2.822	2.780	3.13294411	1
	0.015200	10.0000	0.98139423	0.9805	0.2610	3.7625	4.1702	4.117	5.075	4.860	4.188	3.784	3.459	3.043	2.714	2.672	3.13560390	1
	0.015200	10.0000	0.98974335	0.9888	0.3002	3.7610	4.1291	4.019	4.989	4.769	4.093	3.686	3.360	2.940	2.607	2.564	3.13796210	2
	0.015200	10.0000	0.99915892	0.9981	0.3456	3.7569	4.0711	3.906	4.923	4.680	3.989	3.574	3.241	2.809	2.466	2.422	3.14057326	2
	0.015200	10.0000	1.00000000	0.9989	0.3493	3.7560	4.0643	3.897	4.924	4.676	3.982	3.565	3.231	2.796	2.451	2.407	3.14080405	2
	0.015200	10.0000	1.00684154	1.0057	0.3790	3.7483	4.0066	3.822	4.944	4.650	3.926	3.493	3.146	2.689	2.325	2.279	3.14266586	2
	0.015200	10.0000	1.01093042	1.0098	0.3888	3.7388	3.9605	3.798	5.044	4.685	3.927	3.473	3.113	2.628	2.240	2.191	3.14376569	2
	0.015200	10.0000	1.01346409	1.0123	0.3884	3.7290	3.9230	3.799	5.189	4.755	3.959	3.482	3.105	2.589	2.176	2.124	3.14444232	2
	0.015200	10.0000	1.01559532	1.0144	0.3883	3.7183	3.8813	3.799	5.360	4.837	3.999	3.494	3.099	2.549	2.106	2.050	3.14500880	2
	0.015200	10.0000	1.01763713	1.0164	0.4023	3.7078	3.8259	3.764	5.503	4.886	4.009	3.474	3.061	2.475	2.002	1.943	3.14554906	2
	0.015200	10.0000	1.01942289	1.0182	0.4361	3.7004	3.7634	3.680	5.546	4.865	3.958	3.402	2.975	2.365	1.871	1.808	3.14601946	2
	0.015200	10.0000	1.02012241	1.0189	0.4538	3.6980	3.7363	3.635	5.544	4.843	3.926	3.363	2.931	2.313	1.811	1.747	3.14620328	3
	0.015200	10.0000	1.02073431	1.0195	0.4746	3.6965	3.7098	3.584	5.518	4.804	3.881	3.315	2.880	2.256	1.750	1.685	3.14636397	3
	0.015200	10.0000	1.02195358	1.0206	0.5194	3.6938	3.6547	3.472	5.451	4.716	3.782	3.209	2.769	2.135	1.620	1.555	3.14668322	3
	0.015200	10.0000	1.02294552	1.0216	0.5612	3.6921	3.6065	3.367	5.372	4.626	3.685	3.108	2.665	2.025	1.505	1.439	3.14694262	3
	0.015200	10.0000	1.02389729	1.0225	0.6052	3.6907	3.5574	3.257	5.281	4.527	3.582	3.002	2.556	1.910	1.386	1.320	3.14719081	3
	0.015200	10.0000	1.02496135	1.0236	0.6594	3.6893	3.4978	3.121	5.165	4.403	3.453	2.871	2.422	1.770	1.242	1.175	3.14746761	3
	0.015200	10.0000	1.02576447	1.0244	0.7042	3.6882	3.4489	3.010	5.073	4.303	3.346	2.762	2.310	1.655	1.123	1.056	3.14767623	3
	0.015200	10.0000	1.02646077	1.0250	0.7460	3.6871	3.4033	2.905	4.987	4.209	3.247	2.660	2.206	1.547	1.012	0.945	3.14785671	3
	0.015200	10.0000	1.02712047	1.0256	0.7887	3.6861	3.3566	2.798	4.899	4.114	3.146	2.556	2.099	1.437	0.899	0.831	3.14802766	3
	0.015200	10.0000	1.02773678	1.0262	0.8318	3.6849	3.3091	2.690	4.812	4.018	3.044	2.451	1.992	1.325	0.784	0.716	3.14818692	3
	0.015200	10.0000	1.02827334	1.0267	0.8722	3.6838	3.2643	2.589	4.732	3.929	2.948	2.353	1.891	1.220	0.676	0.607	3.14832544	3
	0.015200	10.0000	1.02881002	1.0272	0.9160	3.6825	3.2156	2.480	4.648	3.833	2.846	2.247	1.782	1.106	0.558	0.489	3.14846396	3
	0.015200	10.0000	1.02941430	1.0278	0.9699	3.6807	3.1549	2.345	4.546	3.716	2.720	2.116	1.648	0.965	0.412	0.343	3.14861965	3
	0.015200	10.0000	1.02984083	1.0282	1.0116	3.6793	3.1077	2.241	4.471	3.628	2.624	2.016	1.545	0.856	0.299	0.229	3.14872956	3
	0.015200	10.0000	1.03021932	1.0285	1.0518	3.6778	3.0617	2.141	4.402	3.544	2.532	1.920	1.445	0.751	0.189	0.118	3.14882684	3
	0.015200	10.0000	1.03057218	1.0288	1.0919	3.6763	3.0155	2.040	4.334	3.461	2.441	1.824	1.346	0.646	0.079	0.007	3.14891744	3
	0.015200	10.0000	1.03098917	1.0291	1.1435	3.6742	2.9557	1.911	4.248	3.354	2.324	1.702	1.218	0.510	-0.063	-0.135	3.14902472	3
	0.015200	10.0000	1.03136027	1.0294	1.1944	3.6720	2.8963	1.784	4.165	3.250	2.209	1.581	1.093	0.376	-0.203	-0.277	3.14911985	3
	0.015200	10.0000	1.03162611	1.0296	1.2342	3.6703	2.8495	1.684	4.101	3.168	2.120	1.486	0.995	0.271	-0.314	-0.388	3.14918804	3
	0.015200	10.0000	1.03192866	1.0298	1.2833	3.6680	2.7915	1.562	4.026	3.071	2.012	1.371	0.874	0.143	-0.450	-0.526	3.14926553	3
	0.015200	10.0000	1.03221631	1.0300	1.3342	3.6656	2.7311	1.435	3.950	2.971	1.900	1.252	0.750	0.009	-0.591	-0.669	3.14933920	3
	0.015200	10.0000	1.03247488	1.0302	1.3837	3.6631	2.6719	1.311	3.879	2.874	1.792	1.137	0.628	-0.122	-0.729	-0.809	3.14940524	3
	0.015200	10.0000	1.03271258	1.0303	1.4319	3.6607	2.6138	1.190	3.810	2.780	1.686	1.025	0.510	-0.250	-0.864	-0.945	3.14946628	3
	0.015200	10.0000	1.03294635	1.0304	1.4794	3.6582	2.5565	1.072	3.746	2.690	1.584	0.915	0.395	-0.375	-0.998	-1.080	3.14952588	3
	0.015200	10.0000	1.03326666	1.0305	1.5243	3.6559	2.5026	0.959	3.685	2.605	1.488	0.812	0.286	-0.493	-1.123	-1.207	3.14960790	3
	0.015200	10.0000	1.03349173	1.0305	1.4834	3.6587	2.5545	1.061	3.724	2.674	1.570	0.903	0.384	-0.384	-1.005	-1.087	3.14966536	3
	0.015200	10.0000	1.03359044	1.0306	1.4514	3.6608	2.5948	1.142	3.758	2.730	1.636	0.976	0.462	-0.298	-0.912	-0.993	3.14969039	3
	0.015200	10.0000	1.03363347	1.0306	1.4629	3.6602	2.5808	1.113	3.743	2.709	1.612	0.949	0.434	-0.328	-0.945	-1.026	3.14970136	3
	0.015200	10.0000	1.03382349	1.0307	1.5126	3.6574	2.5201	0.988	3.680	2.616	1.506	0.835	0.313	-0.460	-1.085	-1.168	3.14974999	3
	0.015200	10.0000	1.03400481	1.0307	1.5613	3.6547	2.4606	0.867	3.632	2.531	1.405	0.724	0.194	-0.589	-1.223	-1.308	3.14979625	3
	0.015200	10.0000	1.03416955	1.0307	1.6084	3.6520	2.4027	0.749	3.592	2.452	1.306	0.616	0.079	-0.715	-1.357	-1.443	3.14983821	3
	0.015200	10.0000	1.03432178	1.0307	1.6553	3.6493	2.3449	0.632	3.555	2.374	1.209	0.509	-0.036	-0.841	-1.490	-1.578	3.14987707	3
	0.015200	10.0000	1.03446257	1.0306	1.7023	3.6464	2.2866	0.514	3.522	2.298	1.114	0.403	-0.150	-0.966	-1.624	-1.714	3.14991283	3
	0.015200	10.0000	1.03458941	1.0305	1.7483	3.6436	2.2292	0.399	3.493	2.225	1.022	0.300	-0.262	-1.089	-1.755	-1.847	3.14994526	3
	0.015200	10.0000	1.03470612	1.0304	1.7943	3.6408	2.1718	0.284	3.465	2.152	0.929	0.197	-0.373	-1.212	-1.886	-1.981	3.14997482	3
	0.015200	10.0000	1.03481340	1.0303	1.8403	3.6379	2.1142	0.169	3.439	2.082	0.840	0.096	-0.484	-1.335	-2.018	-2.114	3.15000224	3
	0.015200	10.0000	1.03491104	1.0301	1.8856	3.6350	2.0572	0.056	3.417	2.015	0.752	-0.002	-0.593	-1.456	-2.148	-2.246	3.15002704	3
	0.015200	10.0000	1.03500009	1.0299	1.9303	3.6321	2.0008	-0.056	3.397	1.949	0.667	-0.098	-0.700	-1.575	-2.276	-2.377	3.15004969	3
	0.015200	10.0000	1.03508174	1.0297	1.9750	3.6291	1.9440	-0.168	3.390	1.887	0.583	-0.194	-0.807	-1.695	-2.404	-2.508	3.15007067	3
	0.015200	10.0000	1.03515720	1.0295	2.0200	3.6261	1.8869	-0.280	3.384	1.828	0.501	-0.288	-0.915	-1.815	-2.532	-2.639	3.15008974	3
	0.015200	10.0000	1.03522384	1.0292	2.0631	3.6231	1.8318	-0.388	3.380	1.771	0.423	-0.378	-1.018	-1.930	-2.656	-2.765	3.15010667	3
	0.015200	10.0000	1.03528655	1.0288	2.1071	3.6200	1.7755	-0.498	3.376	1.714	0.343	-0.471	-1.122	-2.047	-2.782	-2.894	3.15012264	3
	0.015200	10.0000	1.03534353	1.0285	2.1504	3.6170	1.7198	-0.606	3.372	1.660	0.269	-0.557	-1.225	-2.163	-2.906	-3.021	3.15013719	3
	0.015200	10.0000	1.03539586	1.0281	2.1934	3.6139	1.6642	-0.714	3.369	1.607	0.195	-0.643	-1.326	-2.277	-3.029	-3.148	3.15015054	3
	0.015200	10.0000	1.03544486	1.0276	2.2369	3.6108	1.6080	-0.822	3.367	1.554	0.120	-0.731	-1.429	-2.393	-3.153	-3.275	3.15016294	3
	0.015200	10.0000	1.03548825	1.0271	2.2785	3.6077	1.5538	-0.926	3.364	1.506	0.051	-0.810	-1.526	-2.504	-3.273	-3.398	3.15017390	3
	0.015200	10.0000	1.03552926	1.0266	2.3209	3.6045	1.4984	-1.032	3.361	1.457	-0.017	-0.890	-1.625	-2.617	-3.394	-3.523	3.15018439	3
	0.015200	10.0000	1.03556669	1.0260	2.3627	3.6013	1.4437	-1.137	3.352	1.406	-0.084	-0.967	-1.722	-2.727	-3.514	-3.647	3.15019393	3
	0.015200	10.0000	1.03560078	1.0254	2.4035	3.5981	1.3898	-1.239	3.343	1.358	-0.145	-1.037	-1.816	-2.836	-3.631	-3.768	3.15020251	3
	0.015200	10.0000	1.03563273	1.0247	2.4447	3.5948	1.3352	-1.342	3.334	1.311	-0.204	-1.104	-1.911	-2.946	-3.750	-3.892	3.15021062	3
	0.015200	10.0000	1.03566194	1.0239	2.4853	3.5916	1.2812	-1.443	3.327	1.266	-0.262	-1.171	-2.004	-3.054	-3.867	-4.014	3.15021801	3
	0.015200	10.0000	1.03568816	1.0232	2.5245	3.5883	1.2286	-1.541	3.322	1.226	-0.312	-1.229	-2.093	-3.158	-3.980	-4.132	3.15022469	3
	0.015200	10.0000	1.03571343	1.0223	2.5650	3.5849	1.1741	-1.642	3.317	1.186	-0.359	-1.283	-2.185	-3.267	-4.098	-4.254	3.15023112	3
	0.015200	10.0000	1.03573608	1.0213	2.6038	3.5816	1.1216	-1.740	3.314	1.148	-0.405	-1.334	-2.274	-3.371	-4.210	-4.372	3.15023708	3
	0.015200	10.0000	1.03575671	1.0203	2.6416	3.5782	1.0701	-1.834	3.311	1.116	-0.440	-1.376	-2.358	-3.473	-4.321	-4.487	3.15024233	3
	0.015200	10.0000	1.03577662	1.0192	2.6807	3.5747	1.0165	-1.932	3.308	1.088	-0.467	-1.412	-2.444	-3.578	-4.435	-4.606	3.15024734	3
	0.015200	10.0000	1.03579462	1.0180	2.7180	3.5713	0.9648	-2.025	3.330	1.073	-0.494	-1.450	-2.527	-3.680	-4.542	-4.720	3.15025187	3
	0.015200	10.0000	1.03581512	1.0165	2.7634	3.5670	0.9015	-2.139	3.371	1.070	-0.512	-1.489	-2.622	-3.805	-4.670	-4.857	3.15025711	3
	0.015200	10.0000	1.03583395	1.0147	2.8084	3.5626	0.8382	-2.251	3.419	1.071	-0.524	-1.522	-2.717	-3.928	-4.797	-4.994	3.15026188	3
	0.015200	10.0000	1.03585160	1.0128	2.8535	3.5581	0.7746	-2.364	3.470	1.080	-0.527	-1.549	-2.809	-4.052	-4.925	-5.131	3.15026641	3
	0.015200	10.0000	1.03586745	1.0106	2.8973	3.5537	0.7122	-2.473	3.526	1.100	-0.511	-1.563	-2.895	-4.172	-5.048	-5.265	3.15027046	3
	0.015200	10.0000	1.03588212	1.0083	2.9401	3.5492	0.6504	-2.580	3.587	1.123	-0.489	-1.570	-2.978	-4.290	-5.170	-5.396	3.15027404	3
	0.015200	10.0000	1.03589559	1.0058	2.9823	3.5447	0.5889	-2.686	3.647	1.170	-0.436	-1.557	-3.050	-4.406	-5.289	-5.526	3.15027761	3
	0.015200	10.0000	1.03590810	1.0030	3.0237	3.5401	0.5281	-2.789	3.714	1.214	-0.385	-1.542	-3.124	-4.520	-5.407	-5.654	3.15028071	3
	0.015200	10.0000	1.03591979	0.9999	3.0648	3.5356	0.4674	-2.892	3.750	1.292	-0.289	-1.507	-3.174	-4.634	-5.524	-5.781	3.15028358	3
	0.015200	10.0000	1.03593040	0.9965	3.1045	3.5310	0.4079	-2.991	3.766	1.365	-0.192	-1.468	-3.221	-4.744	-5.640	-5.905	3.15028644	3
	0.015200	10.0000	1.03594053	0.9928	3.1441	3.5263	0.3481	-3.090	3.795	1.502	-0.033	-1.406	-3.233	-4.857	-5.757	-6.030	3.15028882	3
	0.015200	10.0000	1.03594971	0.9888	3.1823	3.5217	0.2895	-3.186	3.835	1.659	0.148	-1.332	-3.235	-4.967	-5.870	-6.152	3.15029120	3
	0.015200	10.0000	1.03595841	0.9843	3.2203	3.5169	0.2306	-3.281	3.865	1.810	0.300	-1.269	-3.224	-5.074	-5.982	-6.272	3.15029335	3
	0.015200	10.0000	1.03596663	0.9793	3.2580	3.5122	0.1717	-3.375	3.889	1.966	0.442	-1.211	-3.204	-5.180	-6.093	-6.391	3.15029550	3
	0.015200	10.0000	1.03597403	0.9741	3.2935	3.5075	0.1153	-3.464	3.913	2.123	0.589	-1.142	-3.170	-5.278	-6.197	-6.505	3.15029740	3
	0.015200	10.0000	1.03598130	0.9682	3.3299	3.5028	0.0571	-3.555	3.937	2.292	0.749	-1.061	-3.122	-5.376	-6.304	-6.621	3.15029931	3
	0.015200	10.0000	1.03598809	0.9617	3.3651	3.4981	0.0001	-3.643	3.964	2.464	0.914	-0.972	-3.065	-5.471	-6.408	-6.734	3.15030098	3
	0.015200	10.0000	1.03599584	0.9531	3.4032	3.4929	-0.0625	-3.738	3.844	2.594	1.088	-0.855	-2.971	-5.578	-6.537	-6.862	3.15030289	4
	0.015200	10.0000	1.03599584	0.9532	1.6793	3.6673	2.3589	0.572	3.066	2.098	1.016	0.383	-0.115	-0.852	-1.441	-1.519	3.15030289	4
	0.015200	10.0000	1.03609228	0.9532	1.6875	3.6667	2.3484	0.551	3.060	2.084	0.999	0.364	-0.136	-0.875	-1.465	-1.543	3.15032744	4
	0.015200	10.0000	1.03618002	0.9531	1.6908	3.6666	2.3447	0.543	3.056	2.078	0.992	0.357	-0.144	-0.883	-1.474	-1.552	3.15034986	4
	0.015200	10.0000	1.03626919	0.9531	1.6902	3.6668	2.3463	0.545	3.051	2.076	0.992	0.357	-0.142	-0.881	-1.471	-1.549	3.15037227	4
	0.015200	10.0000	1.03635895	0.9531	1.6879	3.6673	2.3503	0.550	3.046	2.077	0.995	0.362	-0.137	-0.874	-1.462	-1.540	3.15039515	4
	0.015200	10.0000	1.03644955	0.9531	1.6850	3.6678	2.3552	0.557	3.041	2.078	0.998	0.367	-0.130	-0.865	-1.452	-1.529	3.15041804	4
	0.015200	10.0000	1.03653789	0.9530	1.6821	3.6683	2.3601	0.565	3.035	2.079	1.002	0.373	-0.123	-0.857	-1.442	-1.519	3.15044045	4
	0.015200	10.0000	1.03662860	0.9530	1.6792	3.6688	2.3652	0.572	3.029	2.079	1.006	0.379	-0.116	-0.848	-1.431	-1.508	3.15046358	4
	0.015200	10.0000	1.03672135	0.9530	1.6763	3.6694	2.3702	0.579	3.023	2.080	1.010	0.384	-0.110	-0.839	-1.421	-1.497	3.15048718	4
	0.015200	10.0000	1.03681219	0.9530	1.6737	3.6698	2.3747	0.586	3.017	2.081	1.013	0.389	-0.104	-0.831	-1.411	-1.488	3.15051007	4
	0.015200	10.0000	1.03690684	0.9530	1.6715	3.6703	2.3787	0.591	3.013	2.082	1.016	0.393	-0.098	-0.824	-1.403	-1.479	3.15053415	4
	0.015200	10.0000	1.03700244	0.9529	1.6695	3.6707	2.3823	0.596	3.008	2.082	1.018	0.397	-0.093	-0.818	-1.395	-1.471	3.15055847	4
	0.015200	10.0000	1.03709924	0.9529	1.6677	3.6710	2.3855	0.601	3.004	2.082	1.021	0.401	-0.089	-0.812	-1.389	-1.464	3.15058279	4
	0.015200	10.0000	1.03719366	0.9529	1.6662	3.6714	2.3882	0.604	3.000	2.082	1.022	0.404	-0.086	-0.807	-1.383	-1.459	3.15060687	4
	0.015200	10.0000	1.03723264	0.9529	1.6657	3.6715	2.3892	0.606	2.999	2.082	1.023	0.405	-0.084	-0.806	-1.381	-1.457	3.15061665	4
	0.015200	10.0000	1.03728402	0.9529	1.6651	3.6716	2.3905	0.607	2.997	2.082	1.024	0.406	-0.083	-0.804	-1.379	-1.454	3.15062976	4
	0.015200	10.0000	1.03737319	0.9529	1.6642	3.6719	2.3923	0.610	2.993	2.082	1.024	0.407	-0.081	-0.801	-1.375	-1.450	3.15065241	4
	0.015200	10.0000	1.03746927	0.9529	1.6634	3.6721	2.3939	0.611	2.990	2.081	1.025	0.409	-0.079	-0.798	-1.372	-1.447	3.15067673	4
	0.015200	10.0000	1.03756404	0.9529	1.6631	3.6722	2.3949	0.612	2.987	2.080	1.025	0.409	-0.078	-0.797	-1.370	-1.445	3.15070057	4
	0.015200	10.0000	1.03765821	0.9529	1.6631	3.6724	2.3954	0.612	2.985	2.079	1.024	0.409	-0.078	-0.796	-1.369	-1.444	3.15072441	4
	0.015200	10.0000	1.03774667	0.9529	1.6636	3.6724	2.3951	0.611	2.983	2.077	1.023	0.407	-0.080	-0.797	-1.370	-1.445	3.15074682	4
	0.015200	10.0000	1.03783894	0.9528	1.6645	3.6724	2.3941	0.609	2.981	2.075	1.020	0.405	-0.082	-0.800	-1.372	-1.447	3.15077019	4
	0.015200	10.0000	1.03788435	0.9528	1.6652	3.6724	2.3934	0.607	2.980	2.074	1.019	0.403	-0.084	-0.801	-1.374	-1.449	3.15078163	4
	0.015200	10.0000	1.03793037	0.9528	1.6659	3.6723	2.3924	0.605	2.979	2.072	1.017	0.402	-0.085	-0.804	-1.376	-1.451	3.15079331	4
	0.015200	10.0000	1.03801966	0.9528	1.6678	3.6722	2.3900	0.600	2.977	2.069	1.013	0.397	-0.090	-0.809	-1.382	-1.457	3.15081596	4
	0.015200	10.0000	1.03811359	0.9528	1.6705	3.6720	2.3864	0.594	2.976	2.065	1.008	0.391	-0.097	-0.816	-1.390	-1.465	3.15083957	4
	0.015200	10.0000	1.03820765	0.9528	1.6739	3.6717	2.3819	0.585	2.975	2.060	1.001	0.383	-0.105	-0.826	-1.400	-1.475	3.15086341	4
	0.015200	10.0000	1.03829598	0.9528	1.6778	3.6713	2.3765	0.575	2.974	2.054	0.993	0.374	-0.115	-0.837	-1.412	-1.488	3.15088582	4
	0.015200	10.0000	1.03838396	0.9528	1.6827	3.6709	2.3699	0.563	2.973	2.048	0.984	0.364	-0.127	-0.850	-1.427	-1.503	3.15090799	4
	0.015200	10.0000	1.03847229	0.9527	1.6881	3.6704	2.3624	0.550	2.972	2.040	0.973	0.351	-0.140	-0.865	-1.444	-1.520	3.15093040	4
	0.015200	10.0000	1.03856218	0.9527	1.6943	3.6698	2.3538	0.534	2.972	2.032	0.961	0.337	-0.155	-0.883	-1.463	-1.539	3.15095305	4
	0.015200	10.0000	1.03865111	0.9527	1.7014	3.6691	2.3441	0.517	2.971	2.023	0.948	0.322	-0.172	-0.903	-1.485	-1.561	3.15097547	4
	0.015200	10.0000	1.03874159	0.9527	1.7076	3.6685	2.3354	0.501	2.972	2.015	0.937	0.308	-0.188	-0.920	-1.504	-1.581	3.15099835	4
	0.015200	10.0000	1.03883183	0.9526	1.7144	3.6679	2.3261	0.484	2.971	2.006	0.924	0.293	-0.204	-0.939	-1.525	-1.602	3.15102124	4
	0.015200	10.0000	1.03892112	0.9526	1.7419	3.6653	2.2882	0.415	2.970	1.970	0.872	0.232	-0.271	-1.016	-1.609	-1.688	3.15104365	4
	0.015200	10.0000	1.03899038	0.9526	1.7801	3.6618	2.2359	0.320	2.967	1.919	0.800	0.148	-0.364	-1.122	-1.726	-1.807	3.15106130	4
	0.015200	10.0000	1.03902638	0.9525	1.8198	3.6580	2.1813	0.221	2.968	1.869	0.726	0.061	-0.460	-1.232	-1.847	-1.930	3.15107036	4
	0.015200	10.0000	1.03904605	0.9525	1.8625	3.6542	2.1230	0.114	2.969	1.815	0.648	-0.031	-0.562	-1.350	-1.977	-2.063	3.15107536	4
	0.015200	10.0000	1.03905547	0.9525	1.9025	3.6505	2.0683	0.014	2.971	1.765	0.575	-0.118	-0.659	-1.461	-2.098	-2.187	3.15107775	4
	0.015200	10.0000	1.03906035	0.9525	1.9406	3.6471	2.0165	-0.081	2.976	1.719	0.507	-0.199	-0.750	-1.565	-2.214	-2.304	3.15107894	4
	0.015200	10.0000	1.03906322	0.9525	1.9792	3.6436	1.9640	-0.178	2.988	1.674	0.439	-0.281	-0.842	-1.672	-2.330	-2.423	3.15107965	4
	0.015200	10.0000	1.03906512	0.9524	2.0174	3.6403	1.9125	-0.273	3.003	1.631	0.371	-0.362	-0.933	-1.776	-2.444	-2.540	3.15108013	4
	0.015200	10.0000	1.03906608	0.9524	2.0371	3.6385	1.8858	-0.323	3.012	1.609	0.338	-0.403	-0.980	-1.830	-2.504	-2.601	3.15108037	6
	0.015200	10.0000	1.03906608	0.9524	2.0408	3.6382	1.8808	-0.332	3.013	1.605	0.331	-0.410	-0.989	-1.840	-2.514	-2.612	3.15108037	7
	0.015200	10.0000	1.03906667	0.9524	2.0577	3.6367	1.8581	-0.374	3.020	1.587	0.303	-0.445	-1.028	-1.886	-2.565	-2.664	3.15108037	7
	0.015200	10.0000	1.03906810	0.9524	2.0968	3.6333	1.8054	-0.472	3.035	1.544	0.236	-0.526	-1.121	-1.993	-2.681	-2.783	3.15108085	7
	0.015200	10.0000	1.03906953	0.9524	2.1356	3.6300	1.7533	-0.569	3.049	1.501	0.169	-0.607	-1.213	-2.098	-2.796	-2.901	3.15108109	7
	0.015200	10.0000	1.03907168	0.9524	2.1588	3.6280	1.7221	-0.627	3.058	1.477	0.131	-0.653	-1.267	-2.161	-2.865	-2.971	3.15108180	7
	0.015200	10.0000	1.03907537	0.9524	2.1307	3.6305	1.7601	-0.557	3.045	1.505	0.176	-0.597	-1.201	-2.085	-2.781	-2.885	3.15108275	7
	0.015200	10.0000	1.03908300	0.9523	2.0953	3.6336	1.8078	-0.468	3.032	1.544	0.237	-0.523	-1.118	-1.988	-2.676	-2.777	3.15108466	7
	0.015200	10.0000	1.03914654	0.9520	2.1014	3.6330	1.7991	-0.484	3.036	1.538	0.227	-0.536	-1.132	-2.005	-2.695	-2.797	3.15110064	7
	0.015200	10.0000	1.03918743	0.9517	2.1437	3.6292	1.7417	-0.589	3.055	1.494	0.156	-0.623	-1.232	-2.120	-2.821	-2.926	3.15111089	7
	0.015200	10.0000	1.03922284	0.9514	2.1861	3.6255	1.6844	-0.695	3.073	1.451	0.087	-0.707	-1.331	-2.235	-2.946	-3.055	3.15111995	7
	0.015200	10.0000	1.03925383	0.9511	2.2278	3.6219	1.6280	-0.799	3.091	1.408	0.019	-0.790	-1.429	-2.348	-3.069	-3.181	3.15112758	7
	0.015200	10.0000	1.03928041	0.9509	2.2693	3.6183	1.5719	-0.903	3.106	1.365	-0.048	-0.872	-1.526	-2.460	-3.192	-3.307	3.15113449	7
	0.015200	10.0000	1.03930342	0.9505	2.3108	3.6147	1.5159	-1.007	3.122	1.324	-0.112	-0.952	-1.622	-2.571	-3.314	-3.433	3.15114021	7
	0.015200	10.0000	1.03932369	0.9502	2.3521	3.6110	1.4599	-1.110	3.132	1.281	-0.177	-1.030	-1.717	-2.682	-3.435	-3.559	3.15114522	7
	0.015200	10.0000	1.03934157	0.9499	2.3933	3.6074	1.4040	-1.213	3.136	1.237	-0.238	-1.103	-1.812	-2.793	-3.556	-3.684	3.15114975	7
	0.015200	10.0000	1.03935730	0.9495	2.4343	3.6038	1.3485	-1.316	3.140	1.194	-0.298	-1.174	-1.906	-2.902	-3.676	-3.809	3.15115380	7
	0.015200	10.0000	1.03937161	0.9492	2.4751	3.6001	1.2928	-1.418	3.147	1.152	-0.357	-1.245	-1.999	-3.011	-3.796	-3.933	3.15115738	7
	0.015200	10.0000	1.03938484	0.9488	2.5159	3.5964	1.2369	-1.520	3.151	1.114	-0.409	-1.308	-2.092	-3.121	-3.916	-4.058	3.15116072	7
	0.015200	10.0000	1.03939712	0.9483	2.5565	3.5927	1.1811	-1.621	3.157	1.077	-0.461	-1.370	-2.183	-3.230	-4.035	-4.183	3.15116382	7
	0.015200	10.0000	1.03940904	0.9478	2.5974	3.5888	1.1247	-1.723	3.164	1.041	-0.510	-1.428	-2.275	-3.339	-4.156	-4.309	3.15116692	7
	0.015200	10.0000	1.03942013	0.9472	2.6377	3.5850	1.0689	-1.824	3.170	1.009	-0.551	-1.476	-2.366	-3.448	-4.275	-4.433	3.15116954	7
	0.015200	10.0000	1.03943086	0.9466	2.6791	3.5810	1.0110	-1.928	3.180	0.976	-0.592	-1.525	-2.460	-3.560	-4.397	-4.562	3.15117240	7
	0.015200	10.0000	1.03944051	0.9459	2.7197	3.5769	0.9539	-2.029	3.216	0.965	-0.618	-1.565	-2.549	-3.672	-4.515	-4.687	3.15117478	7
	0.015200	10.0000	1.03944981	0.9451	2.7626	3.5725	0.8930	-2.137	3.264	0.960	-0.643	-1.606	-2.642	-3.790	-4.638	-4.819	3.15117717	7
	0.015200	10.0000	1.03945720	0.9444	2.8089	3.5677	0.8271	-2.252	3.320	0.963	-0.659	-1.643	-2.741	-3.917	-4.770	-4.962	3.15117908	7
	0.015200	10.0000	1.03946209	0.9438	2.8536	3.5629	0.7628	-2.364	3.381	0.972	-0.662	-1.668	-2.834	-4.041	-4.899	-5.100	3.15118027	7
	0.015200	10.0000	1.03946590	0.9433	2.8960	3.5582	0.7016	-2.470	3.444	0.989	-0.655	-1.684	-2.920	-4.158	-5.020	-5.232	3.15118122	7
	0.015200	10.0000	1.03946924	0.9427	2.9382	3.5534	0.6398	-2.576	3.514	1.019	-0.625	-1.683	-3.001	-4.275	-5.142	-5.364	3.15118194	7
	0.015200	10.0000	1.03947234	0.9421	2.9800	3.5485	0.5783	-2.680	3.588	1.056	-0.586	-1.674	-3.080	-4.391	-5.262	-5.495	3.15118289	7
	0.015200	10.0000	1.03947508	0.9415	3.0185	3.5440	0.5211	-2.776	3.656	1.109	-0.524	-1.650	-3.144	-4.498	-5.373	-5.616	3.15118361	7
	0.015200	10.0000	1.03947794	0.9407	3.0572	3.5392	0.4630	-2.873	3.699	1.165	-0.448	-1.616	-3.204	-4.606	-5.487	-5.739	3.15118432	7
	0.015200	10.0000	1.03948104	0.9397	3.0965	3.5343	0.4037	-2.971	3.721	1.254	-0.333	-1.564	-3.245	-4.715	-5.603	-5.864	3.15118504	7
	0.015200	10.0000	1.03948402	0.9386	3.1324	3.5298	0.3492	-3.061	3.746	1.334	-0.228	-1.516	-3.283	-4.816	-5.710	-5.979	3.15118575	7
	0.015200	10.0000	1.03948748	0.9371	3.1700	3.5249	0.2915	-3.155	3.789	1.504	-0.033	-1.433	-3.278	-4.925	-5.823	-6.100	3.15118670	7
	0.015200	10.0000	1.03949094	0.9353	3.2242	3.5175	0.2068	-3.291	3.857	1.763	0.247	-1.308	-3.257	-5.082	-5.987	-6.277	3.15118742	7
	0.015200	10.0000	1.03949165	0.9349	3.2570	3.5129	0.1554	-3.372	3.888	1.925	0.398	-1.239	-3.225	-5.175	-6.085	-6.383	3.15118766	7
	0.015200	10.0000	1.03949189	0.9347	3.2669	3.5115	0.1398	-3.397	3.898	1.976	0.446	-1.217	-3.216	-5.203	-6.115	-6.416	3.15118766	7
	0.015200	10.0000	1.03949201	0.9346	3.2668	3.5115	0.1399	-3.397	3.898	1.976	0.445	-1.218	-3.216	-5.202	-6.114	-6.416	3.15118766	8
